5539
5694
5792
5820
5828
5829
5978
6146
6177
6248
6566
6575
6576
6864
6918
7060
7408
7539
7652
7696
7711
7721
7741
7836
7866
7920
7927
7952
7992
8053
8189
8292
8411
8447
8762
8787
8797
8832
9300
9338
9443
9548
9625
9643
9750
9862
9926
10304
10376
10381
10555
10870
10911
10914
10922
11293
11296
11328
11455
11727
11761
11807
11811
11953
12252
12326
12450
12744
12874
12922
13020
13174
13603
13781
13795
13828
13892
13925
14023
14085
14289
14300
14352
14395
14413
14605
14625
14750
14860
14862
15042
15106
15163
15166
15332
15349
15389
15413
15475
15723
15806
15942
16136
16151
16167
16178
16305
16363
16426
16432
16571
16684
16826
16837
16889
17034
17105
17186
17374
17386
17506
17696
17983
18301
18591
19162
19201
19232
19245
19793
20078
20088
20128
20140
20412
20466
20539
20591
20686
20710
20740
20766
20788
20872
20921
21064
21226
21227
21346
21525
21610
21803
22121
22261
22523
22606
22686
22696
22700
23090
23169
23215
23410
23496
23565
23711
23824
23834
23914
24026
24050
24130
24182
24268
24416
24681
24777
25068
25152
25301
25374
25398
25488
25618
25655
25677
26025
26121
26173
26293
26470
26482
26731
26881
26884
26938
26959
27210
27224
27377
27419
27445
27706
28000
28047
28073
28084
28091
28144
28257
28368
28595
28621
28699
28934
28950
28958
29016
29237
29309
29434
29460
29506
29607
29668
29704
29741
29781
29863
29909
29982
30044
30130
30209
30245
30282
30435
30535
30700
30738
30836
30871
30924
31039
31061
31232
31441
31528
31529
31557
31663
31666
31680
31715
31729
31774
31798
31820
31927
32131
32416
32593
32970
33024
33068
33274
33293
33436
33518
33576
33760
33768
33792
33828
33933
34183
34291
34475
34506
34537
34696
34770
34822
34902
35004
35131
35210
35310
35373
35400
35964
35973
36175
36408
36514
36578
36626
36718
36765
36789
36810
36893
36899
36928
36992
37071
37157
37389
37452
37516
37582
37623
37899
37914
38014
38186
38191
38227
38245
38253
38332
38342
38406
38417
38435
38445
38534
38624
38759
38787
38855
38893
38941
38982
39203
39234
39427
39689
39759
39930
40017
40185
40215
40259
40407
40424
40436
40672
40673
40818
40863
41010
41052
41288
41307
41327
41469
41486
41531
41727
41926
42013
42187
42237
42363
42538
42573
42665
42708
42717
42753
42799
43267
43407
43629
43929
44006
44134
44189
44320
44325
44466
44560
44619
44713
44751
44937
44965
45024
45037
45071
45106
45267
45513
45529
45589
45671
45709
45830
45833
46040
46345
46625
46730
46798
46906
46960
46979
47031
47086
47105
47119
47274
47300
47340
47398
47701
47740
47759
47908
48037
48077
48149
48195
48208
48215
48624
48829
48945
48954
49003
49370
49585
49731
49733
49735
49812
49866
50099
50123
50140
50266
50268
50318
50328
50472
50499
50519
50573
50600
50718
50919
50921
50932
51097
51311
51400
51418
51421
51703
51803
51970
52039
52108
52308
52342
52349
52529
52612
52620
52626
52658
52741
52756
52998
53194
53429
53440
53609
53692
53798
53962
54044
54090
54361
54545
54573
54654
54794
54980
55057
55205
55337
55358
55583
55672
55698
55778
55872
55912
56107
56150
56199
56249
56253
56310
56448
56575
56652
56881
56914
56919
56990
57317
57476
57578
57609
57623
57683
57754
57904
57995
58007
58057
58125
58132
58293
58544
59126
59179
59218
59241
59302
59365
59530
59600
59800
59896
59936
60066
60167
60238
60349
60382
60549
60609
60754
60828
61061
61096
61485
61572
61622
61651
61779
61792
61903
61940
62092
62288
62561
62668
62747
62931
62970
63045
63068
63125
63149
63181
63252
63313
63374
63418
63496
63621
63943
64081
64104
64162
64356
64386
64475
64525
64560
64639
64651
64708
64725
64746
65191
65285
65416
65443
65571
65771
65927
66020
66087
66164
66209
66239
66257
66430
66447
66494
66583
66694
66808
67027
67170
67233
67260
67293
67404
67712
67724
67728
67793
67921
68036
68091
68140
68145
68146
68243
68280
68493
68581
68927
69025
69154
69211
69240
69284
69405
69424
69884
69969
70082
70102
70108
70393
70572
70585
70649
70710
70722
70800
70808
70883
70988
71017
71091
71276
71387
71539
71680
71697
71753
71779
71788
72052
72341
72381
72624
72629
72694
72847
72859
72862
72899
72923
73150
73173
73193
73406
73437
73454
73593
73654
73731
74029
74158
74329
74538
74548
74565
74603
74748
74776
74873
74982
75019
75150
75213
75317
75780
75814
75932
76526
76557
76603
76938
77392
77408
77629
77814
77869
77907
77930
78045
78095
78268
78537
78655
78683
78878
78930
78970
79028
79253
79260
79332
79340
79409
79687
79725
79753
79768
79880
79964
80020
80053
80210
80232
80497
80533
80597
80606
80950
81063
81093
81139
81222
81247
81334
81336
81469
81472
81604
81783
81824
81827
82042
82073
82198
82296
82305
82314
82352
82390
82502
82528
82659
82721
82777
83037
83052
83121
83216
83426
83519
83736
83809
83941
83994
84028
84071
84086
84212
84272
84295
84468
84589
84594
84654
84863
84868
84920
84924
84935
84945
85469
85478
85479
85620
85874
85958
86002
86043
86072
86264
86268
86269
86573
86603
86663
86665
86861
86919
86970
86991
86996
87017
87130
87166
87177
87223
87256
87493
87671
87745
88086
88107
88172
88177
88231
88330
88542
88873
88986
89013
89251
89275
89303
89494
89587
89646
89725
89814
89921
90040
90048
90205
90369
90383
90595
90775
90792
90842
91004
91019
91029
91041
91096
91153
91291
91319
91402
91426
91595
91814
91922
92100
92260
92438
92515
92743
92781
92968
93000
93076
93115
93121
93433
93469
93470
93530
93565
93616
93668
93794
93842
93985
94009
94120
94133
94177
94270
94277
94302
94392
94491
94738
94820
94929
95035
95102
95199
95552
95568
95671
95826
95855
95922
96047
96136
96215
96293
96470
96595
96639
96652
96747
96748
96816
96854
96875
96899
96985
97058
97061
97102
97293
97410
97434
97450
97620
97629
97690
97692
97806
98122
98244
98321
98328
98433
98519
98695
98775
98859
98919
98952
99051
99116
99235
99600
99747
99953